6033.90966796875
13978.8984375
3397.638916015625
12409.0234375
8860.466796875
10735.060546875
2378.49462890625
9470.03125
3484.506591796875
8888.974609375
0.03529944643378258
12444.6337890625
64.78511047363281
14115.326171875
57.5473747253418
13424.779296875
78.20948791503906
10859.7080078125
194.44046020507812
10740.697265625
0.2851034700870514
10929.5556640625
0.14878526329994202
9192.982421875
20.5161190032959
7606.3212890625
2.8997511863708496
7726.5888671875
6.415919780731201
7842.8486328125
5.368459701538086
8449.5537109375
9.0
7397.69140625
0.9816220998764038
2926.015380859375
53.1123046875
3353.71826171875
0.9410651922225952
4467.6767578125
7.17005729675293
2222.35546875
19.475664138793945
1951.5650634765625
77.64038848876953
2144.408447265625
128.8953857421875
2373.03759765625
0.7029303908348083
2745.697021484375
19.730833053588867
1434.350341796875
9.617938995361328
2714.65380859375
42.5922737121582
3322.004638671875
38.84840774536133
2026.6585693359375
74.81724548339844
1905.887451171875
26.082719802856445
1656.5931396484375
16.215072631835938
1790.1982421875
21.405799865722656
3032.184814453125
1.5123640298843384
1439.077880859375
4.533963680267334
2932.044189453125
49.64188766479492
1098.3553466796875
86.22432708740234
909.275390625
66.93375396728516
1553.575927734375
117.07652282714844
1135.0152587890625
33.91157150268555
1753.821044921875
72.1250228881836
1488.4053955078125
1.26005220413208
1498.2584228515625
0.8518310189247131
2200.736083984375
49.600990295410156
886.6849975585938
29.887453079223633
959.2236938476562
49.88909149169922
1549.5736083984375
54.94496536254883
814.0836181640625
4.531283378601074
386.6141357421875
111.54497528076172
259.6376953125
46.18537521362305
250.5474090576172
82.62525939941406
359.8429260253906
58.11090087890625
454.7086486816406
88.97246551513672
329.73779296875
9.608949661254883
285.9296569824219
55.201332092285156
232.13552856445312
176.55899047851562
14.235634803771973
101.00639343261719
81.90217590332031
89.43840026855469
95.48164367675781
18.044443130493164
160.28785705566406
67.93353271484375
189.52740478515625
86.65695190429688
168.0990753173828
77.7726821899414
2.4782726764678955
773.617919921875
9.314937591552734
228.02711486816406
14.632031440734863
83.8836898803711
34.702877044677734
97.83313751220703
17.755807876586914
205.8663787841797
25.167343139648438
76.03333282470703
1.1560695171356201
51.249755859375
63.90568923950195
5.526832580566406
99.2108154296875
77.05484008789062
25.60662078857422
4.327387809753418
28.561662673950195
102.07696533203125
5.264009952545166
20.13797950744629
1.2448722124099731
1.3633012771606445
11.785154342651367
0.008325768634676933
0.04637404531240463
0.27741968631744385
4.113466262817383
0.582211971282959
1.5714744329452515
68.61243438720703
34.651763916015625
4.574135780334473
2.8707008361816406
7.672099590301514
1.4628068208694458
0.9408672451972961
36.01329803466797
0.35986143350601196
16.95486068725586
1.083116888999939
8.29785442352295
3.1494863033294678
4.489015102386475
5.314015865325928
0.24171841144561768
23.889490127563477
0.5410357713699341
0.7443779706954956
3.4468724727630615
0.7289097905158997
3.739368438720703
0.5805556774139404
0.4670827090740204
1.3503458499908447
0.3521774709224701
2.0699076652526855
8.764286041259766
0.014103850349783897
2.442194700241089
1.2564759254455566
0.4465729892253876
2.891357421875
0.45941323041915894
1.5896061658859253
0.11703210324048996
2.721947193145752
0.15894657373428345
1.0629576444625854
0.06378698348999023
0.8077301383018494
3.781783103942871
3.2612123489379883
0.07088741660118103
4.646567344665527
2.112841844558716
0.08513662964105606
1.4595504999160767
1.923271894454956
0.005815237760543823
0.6623868346214294
0.5578474402427673
0.011541802436113358
1.072860836982727
0.10557045042514801
0.5301984548568726
0.3698774576187134
0.959430992603302
0.012949067167937756
0.11791234463453293
0.9391641616821289
3.8882532119750977
2.5175395011901855
0.7567985653877258
0.5966349244117737
5.95039176940918
0.8227094411849976
0.006763552315533161
5.452515602111816
0.06964021176099777
0.3480357527732849
3.488062858581543
0.005115873645991087
1.6489530801773071
1.0981013774871826
7.627701282501221
0.5480272173881531
0.6467428803443909
1.0082889795303345
0.24038654565811157
0.02008768357336521
1.3980635404586792
6.130083084106445
0.40219569206237793
3.049851655960083
0.45174941420555115
0.1386498361825943
1.6722638607025146
0.05618278309702873
0.11193329095840454
0.11941934376955032
1.8313837051391602
0.28618964552879333
5.452830791473389
0.10263293981552124
1.348989725112915
0.32812365889549255
2.007519483566284
1.0794767141342163
0.47472700476646423
0.39478135108947754
1.0267622470855713
0.011784859001636505
0.029037956148386
0.0690324604511261
0.03140420839190483
0.09128011763095856
0.48404383659362793
0.4396892786026001
0.6962857246398926
0.023881543427705765
0.24060215055942535
0.00019316145335324109
0.09648275375366211
0.14480258524417877
0.17140614986419678
0.004851354286074638
0.3029537498950958
0.4064965844154358
0.0315023697912693
0.016205398365855217
0.3499091863632202
0.009094576351344585
0.15253280103206635
0.07023317366838455
0.1643955409526825
0.5980584025382996
0.20110227167606354
0.533047080039978
0.0297896396368742
0.609676718711853
1.7132251262664795
0.33541998267173767
0.1253180056810379
0.5913315415382385
0.42620497941970825
0.0009522517211735249
0.41304975748062134
0.17771631479263306
0.12005645036697388
3.212733268737793
0.0019089928828179836
0.06019328907132149
0.0009633547160774469
0.28038591146469116
0.03170126676559448
0.036819953471422195
0.09936932474374771
0.29019349813461304
0.04040190204977989
1.2912055253982544
0.10803597420454025
0.01740138791501522
0.02490249276161194
0.19568109512329102
0.6113442182540894
0.0360342301428318
0.0020453082397580147
0.16394533216953278
0.15377211570739746
2.2648508548736572
0.5266910195350647
0.9627599716186523
0.033702559769153595
0.06687898188829422
0.05284648761153221
0.10740414261817932
0.6549243330955505
0.22713851928710938
0.014245209284126759
0.06076200678944588
0.453442245721817
0.31377846002578735
0.0006940158200450242
0.31996145844459534
0.07484997063875198
0.0006373526994138956
0.12076082825660706
3.2240339351119474e-05
0.01897341199219227
0.1517920196056366
0.04618237540125847
1.2932149171829224
1.0243781805038452
0.15028584003448486
0.44814884662628174
0.12893670797348022
0.9019710421562195
0.0929923951625824
0.004743923433125019
0.4944246709346771
0.1912725567817688
1.2289202213287354
0.21719884872436523
0.4434199333190918
0.888208270072937
0.24715059995651245
0.0027424870058894157
0.6955565810203552
0.17907927930355072
0.01398095116019249
0.4281153976917267
0.0060861725360155106
2.109107732772827
0.1654275506734848
1.7608212232589722
0.24415139853954315
1.1509257555007935
0.6852647662162781
0.08876726031303406
0.060231052339076996
0.4395301043987274
0.003623491618782282
0.2246750146150589
0.14942064881324768
0.09922470152378082
0.773377537727356
0.13902126252651215
0.05517652630805969
0.025988491252064705
0.18678736686706543
0.06471770256757736
0.0699726864695549
0.17743487656116486
0.16752520203590393
3.7578322887420654
0.11018024384975433
0.016379673033952713
0.006280483212321997
0.2772022485733032
0.3972727358341217
0.0018335503991693258
0.08833832293748856
0.08968978375196457
0.043100953102111816
0.08375842124223709
0.009847549721598625
0.4306601583957672
0.007774515077471733
0.21897682547569275
0.377857506275177
0.3379749357700348
0.2732350528240204
0.000813804566860199
0.16527879238128662
0.008617541752755642
0.11234933882951736
1.3369581699371338
0.02298700623214245
0.040200136601924896
0.12752719223499298
0.23932546377182007
0.0003555550647433847
1.459886074066162
0.2951424717903137
0.0008774639572948217
0.06508739292621613
0.19964195787906647
0.015074276365339756
0.1891395002603531
0.25504276156425476
0.14036628603935242
0.24748246371746063
2.8835389614105225
0.4309510588645935
0.0010712752118706703
0.8783348202705383
0.6439293622970581
0.21156416833400726
0.017578035593032837
0.44990384578704834
0.24715125560760498
0.1220843493938446
0.3098675012588501
0.021187201142311096
0.11255325376987457
0.027631567791104317
0.5821880102157593
0.03411915898323059
0.0330459326505661
0.024768760427832603
0.08425932377576828
0.00043093800195492804
0.587989330291748
0.48099422454833984
0.7736965417861938
0.061964236199855804
0.21865253150463104
0.07101119309663773
0.07004687190055847
0.03335130214691162
0.0009958645096048713
0.36129996180534363
0.824755072593689
0.002514105523005128
1.4708456993103027
0.20066839456558228
0.017992904409766197
1.8975615501403809
0.33875155448913574
0.17315281927585602
0.1936005800962448
0.00215197098441422
0.2850257456302643
0.8424736857414246
0.36117494106292725
0.0006383613217622042
0.14096100628376007
0.6398448944091797
0.024023106321692467
0.0365113727748394
0.11582554876804352
1.0683547258377075
0.9697821736335754
0.3498627245426178
0.1868629902601242
0.7293228507041931
0.19731839001178741
0.43276289105415344
0.01931549794971943
1.5799182653427124
0.7965380549430847
0.3397306203842163
0.3238283693790436
0.004258252214640379
1.8699449300765991
0.11988712102174759
0.00031075318111106753
0.5224199891090393
0.11440107226371765
0.04409055411815643
0.00328949186950922
5.071369171142578
0.004654263611882925
0.012974908575415611
0.6445131897926331
0.0005489923642016947
0.012543169781565666
0.7217708826065063
0.1782325804233551
0.2584438621997833
0.2307063639163971
0.00120583048556
0.21982648968696594
0.03095661662518978
0.48050886392593384
0.0006568661774508655
0.7983887195587158
0.002304930705577135
0.16240400075912476
0.00483926385641098
0.09139127284288406
0.022580638527870178
0.0011739705223590136
0.02661183848977089
0.041157934814691544
0.04031777381896973
0.29298853874206543
0.06678580492734909
0.058141086250543594
0.002933440962806344
0.132013201713562
0.7205671668052673
3.834545373916626
0.357513964176178
1.3482263088226318
