n	d	m	k	nb	alpha	r	p
15	7	122	2	39	0.7	3	0.21
[6, 6, 4, 0, 0, 2, 5, 5, 4, 1, 4, 0, 1, 0, 2]
(3, 7)|[(0, 5), (5, 4), (5, 6), (1, 5), (1, 1), (5, 1), (1, 2), (5, 3), (3, 3), (6, 6), (4, 6), (2, 1), (3, 5), (6, 5), (0, 6), (3, 1), (2, 5), (0, 4), (3, 0), (1, 6), (4, 5), (6, 1), (4, 2), (4, 1), (0, 3), (6, 3), (2, 6), (1, 0), (6, 0), (2, 4), (2, 3), (3, 6), (1, 3), (4, 3), (5, 2), (6, 4), (0, 0), (5, 0)]
(2, 3)|[(4, 0), (0, 1), (4, 4), (0, 3), (5, 3), (5, 6), (6, 1), (5, 1), (0, 0), (6, 3), (3, 0), (6, 5), (1, 0), (1, 3), (5, 2), (6, 2), (2, 1), (2, 5), (1, 1), (0, 6), (3, 4), (2, 0), (3, 3), (4, 5), (5, 0), (5, 4), (4, 2), (6, 4), (0, 2), (2, 6), (4, 6), (1, 5), (6, 6), (2, 4), (2, 2), (1, 2), (5, 5), (0, 4)]
(3, 4)|[(0, 0), (6, 3), (4, 1), (4, 6), (2, 2), (3, 0), (5, 3), (1, 3), (2, 4), (0, 2), (4, 3), (2, 3), (6, 1), (1, 2), (6, 4), (1, 1), (3, 1), (3, 2), (6, 5), (6, 0), (4, 5), (4, 0), (6, 2), (5, 6), (5, 5), (4, 2), (1, 6), (2, 6), (4, 4), (2, 0), (2, 5), (1, 0), (5, 1), (3, 5), (2, 1), (6, 6), (0, 5), (0, 3), (5, 2)]
(10, 13)|[(4, 0), (0, 6), (2, 3), (6, 2), (4, 3), (3, 2), (1, 5), (0, 3), (6, 1), (6, 6), (1, 4), (5, 4), (2, 1), (5, 5), (6, 4), (2, 2), (3, 3), (4, 1), (2, 4), (4, 4), (3, 0), (3, 5), (5, 6), (1, 0), (5, 1), (0, 0), (1, 3), (5, 0), (6, 0), (3, 1), (2, 0), (0, 4), (0, 5), (2, 6), (2, 5), (1, 2), (4, 2), (6, 3)]
(0, 4)|[(6, 0), (5, 1), (0, 1), (5, 0), (2, 4), (1, 1), (4, 3), (0, 6), (1, 5), (6, 1), (1, 3), (3, 6), (1, 0), (5, 6), (0, 0), (0, 5), (2, 2), (2, 1), (4, 6), (3, 4), (2, 3), (5, 4), (5, 2), (6, 3), (1, 4), (0, 3), (3, 2), (4, 2), (3, 3), (6, 6), (6, 5), (4, 4), (3, 1), (5, 5), (1, 2), (5, 3), (3, 0), (2, 6)]
(2, 14)|[(4, 2), (2, 3), (4, 1), (3, 6), (3, 2), (2, 2), (4, 0), (1, 0), (5, 0), (0, 3), (4, 5), (0, 4), (0, 6), (4, 6), (3, 5), (2, 4), (5, 1), (5, 4), (3, 0), (1, 2), (5, 5), (1, 3), (0, 2), (6, 2), (6, 3), (0, 5), (1, 5), (6, 6), (1, 4), (5, 3), (2, 0), (2, 5), (6, 4), (5, 2), (2, 1), (4, 3), (5, 6), (2, 6)]
(3, 7)|[(0, 5), (3, 1), (1, 2), (5, 4), (0, 0), (4, 4), (1, 6), (3, 4), (6, 0), (1, 1), (5, 2), (1, 0), (2, 0), (5, 3), (3, 5), (4, 2), (6, 3), (2, 3), (6, 2), (4, 1), (5, 0), (2, 2), (2, 4), (2, 5), (0, 4), (3, 2), (6, 4), (6, 5), (0, 6), (5, 1), (5, 5), (1, 3), (2, 6), (6, 1), (2, 1), (0, 1), (0, 2), (4, 5)]
(5, 13)|[(2, 0), (0, 0), (4, 1), (5, 1), (6, 2), (0, 3), (3, 0), (5, 0), (4, 2), (2, 4), (5, 6), (3, 6), (4, 5), (6, 3), (0, 6), (1, 4), (6, 4), (3, 4), (1, 6), (3, 3), (2, 3), (5, 2), (4, 4), (5, 5), (0, 2), (6, 1), (3, 2), (3, 1), (6, 6), (5, 3), (2, 6), (4, 3), (3, 5), (2, 5), (6, 5), (0, 1), (0, 5), (5, 4)]
(3, 9)|[(0, 1), (4, 4), (4, 6), (1, 5), (1, 1), (1, 0), (1, 2), (3, 4), (0, 2), (3, 3), (2, 0), (2, 5), (1, 4), (3, 6), (4, 5), (5, 6), (5, 5), (5, 4), (6, 1), (0, 3), (5, 1), (2, 6), (2, 1), (6, 3), (3, 2), (5, 3), (3, 0), (0, 5), (5, 0), (4, 2), (0, 6), (6, 4), (0, 4), (4, 0), (2, 3), (6, 2), (4, 3), (4, 1)]
(6, 11)|[(5, 0), (2, 4), (1, 4), (1, 6), (1, 5), (4, 3), (4, 2), (5, 4), (6, 0), (4, 1), (1, 1), (1, 2), (0, 2), (4, 6), (2, 0), (4, 0), (5, 2), (6, 6), (2, 5), (5, 1), (1, 0), (3, 2), (5, 3), (2, 3), (3, 3), (0, 4), (6, 2), (0, 6), (3, 6), (6, 3), (0, 0), (2, 2), (6, 1), (3, 0), (3, 1), (0, 1), (0, 5), (3, 5), (4, 4)]
(3, 13)|[(0, 0), (6, 2), (2, 0), (4, 2), (4, 1), (1, 5), (4, 3), (2, 3), (5, 2), (5, 6), (5, 3), (3, 5), (5, 0), (2, 2), (6, 3), (1, 1), (1, 4), (4, 4), (2, 4), (0, 5), (1, 6), (6, 1), (0, 1), (6, 6), (1, 3), (6, 4), (3, 2), (3, 1), (5, 5), (4, 6), (0, 6), (6, 5), (1, 2), (3, 6), (6, 0), (2, 1), (1, 0), (2, 6)]
(12, 14)|[(1, 2), (0, 2), (3, 3), (3, 0), (5, 2), (3, 1), (0, 5), (1, 4), (1, 6), (4, 4), (5, 1), (5, 5), (4, 6), (1, 3), (2, 6), (0, 6), (6, 0), (3, 4), (0, 3), (6, 6), (5, 0), (6, 2), (4, 1), (4, 3), (2, 4), (5, 3), (2, 2), (0, 1), (2, 0), (0, 0), (2, 1), (5, 4), (1, 5), (3, 2), (6, 4), (3, 5), (4, 2), (6, 3)]
(3, 7)|[(0, 5), (0, 0), (5, 0), (3, 1), (1, 6), (6, 0), (4, 0), (5, 3), (3, 2), (1, 2), (6, 1), (1, 3), (3, 4), (1, 0), (3, 0), (0, 1), (2, 6), (5, 1), (1, 4), (0, 4), (5, 6), (6, 6), (0, 3), (2, 2), (6, 2), (0, 6), (2, 0), (1, 1), (3, 6), (4, 2), (3, 3), (2, 3), (5, 5), (2, 4), (6, 4), (4, 3), (1, 5), (0, 2)]
(2, 9)|[(4, 1), (6, 3), (5, 0), (3, 4), (6, 6), (5, 3), (1, 1), (3, 1), (0, 4), (1, 4), (2, 4), (1, 0), (6, 1), (5, 4), (5, 1), (4, 3), (0, 2), (2, 6), (0, 1), (4, 2), (6, 2), (2, 0), (1, 6), (4, 5), (2, 5), (0, 0), (1, 5), (1, 3), (3, 6), (6, 4), (0, 5), (6, 0), (0, 6), (2, 3), (6, 5), (5, 2), (2, 1), (4, 6)]
(1, 4)|[(6, 0), (2, 2), (1, 3), (1, 5), (5, 2), (4, 2), (5, 4), (4, 0), (5, 1), (0, 1), (5, 6), (1, 4), (5, 0), (0, 3), (2, 1), (0, 5), (1, 0), (6, 2), (1, 1), (6, 1), (1, 2), (0, 2), (4, 6), (4, 3), (0, 6), (2, 3), (3, 3), (4, 4), (4, 1), (4, 5), (3, 1), (2, 5), (2, 4), (3, 2), (6, 3), (3, 0), (3, 4), (5, 3)]
(0, 7)|[(6, 5), (4, 6), (0, 3), (3, 3), (0, 6), (4, 3), (5, 2), (3, 5), (2, 1), (0, 4), (2, 6), (0, 0), (1, 2), (4, 2), (4, 4), (2, 2), (5, 1), (3, 6), (6, 0), (2, 0), (1, 6), (0, 2), (5, 4), (5, 3), (1, 4), (5, 6), (6, 2), (1, 3), (6, 4), (2, 5), (1, 0), (5, 5), (2, 3), (6, 6), (3, 0), (4, 0), (3, 2), (4, 5)]
(4, 11)|[(0, 0), (6, 4), (2, 3), (6, 3), (6, 6), (3, 5), (1, 4), (5, 0), (4, 1), (1, 0), (4, 0), (5, 3), (1, 5), (2, 2), (0, 6), (2, 5), (6, 2), (6, 0), (3, 4), (0, 4), (0, 3), (2, 4), (2, 1), (0, 2), (4, 2), (4, 5), (3, 6), (1, 2), (3, 0), (1, 1), (4, 6), (2, 6), (5, 2), (5, 1), (3, 2), (0, 1), (0, 5), (2, 0)]
(0, 6)|[(6, 5), (4, 5), (6, 3), (6, 2), (1, 4), (2, 6), (3, 1), (0, 0), (0, 5), (2, 4), (0, 6), (1, 3), (3, 2), (4, 6), (4, 2), (4, 3), (1, 2), (4, 4), (2, 2), (3, 6), (2, 1), (1, 1), (5, 3), (6, 0), (2, 0), (4, 1), (3, 5), (6, 4), (6, 6), (5, 5), (3, 3), (1, 0), (0, 1), (5, 6), (5, 4), (5, 0), (3, 0), (0, 4), (1, 5)]
(4, 11)|[(0, 0), (5, 5), (1, 2), (0, 2), (3, 6), (6, 3), (3, 2), (0, 6), (2, 2), (0, 5), (1, 1), (4, 1), (1, 3), (2, 1), (6, 0), (1, 5), (0, 4), (3, 5), (5, 3), (2, 3), (5, 0), (1, 4), (4, 2), (4, 5), (5, 2), (1, 0), (2, 0), (3, 3), (2, 6), (4, 4), (5, 1), (4, 3), (6, 2), (4, 6), (6, 6), (6, 1), (5, 4), (0, 3)]
(8, 13)|[(4, 0), (3, 6), (5, 6), (3, 1), (3, 0), (0, 2), (2, 2), (6, 6), (2, 1), (0, 3), (2, 0), (5, 0), (1, 3), (5, 1), (4, 3), (5, 2), (5, 5), (2, 5), (3, 5), (6, 3), (6, 5), (1, 2), (0, 5), (6, 0), (0, 1), (1, 6), (4, 1), (6, 1), (0, 4), (4, 4), (2, 3), (1, 1), (6, 2), (5, 3), (2, 4), (5, 4), (2, 6), (0, 0), (4, 2)]
(5, 9)|[(2, 1), (6, 1), (2, 0), (3, 3), (4, 0), (1, 4), (2, 4), (2, 6), (3, 2), (1, 6), (4, 3), (3, 0), (1, 2), (5, 4), (1, 0), (5, 3), (4, 6), (5, 2), (0, 4), (2, 5), (0, 3), (4, 4), (4, 5), (4, 1), (5, 0), (0, 5), (6, 6), (4, 2), (1, 5), (6, 2), (5, 6), (2, 3), (2, 2), (6, 4), (3, 6), (0, 2), (6, 5), (6, 0)]
(2, 12)|[(4, 1), (5, 1), (2, 4), (5, 2), (6, 3), (3, 6), (1, 6), (0, 5), (6, 5), (4, 5), (6, 1), (2, 5), (5, 4), (0, 4), (3, 4), (1, 3), (3, 5), (3, 3), (1, 0), (2, 1), (2, 2), (3, 2), (0, 1), (4, 6), (5, 5), (1, 1), (5, 3), (6, 0), (1, 4), (1, 5), (5, 0), (6, 2), (0, 6), (1, 2), (4, 2), (6, 4), (3, 0), (6, 6)]
(2, 3)|[(4, 0), (0, 2), (5, 6), (0, 3), (1, 1), (6, 5), (2, 1), (6, 3), (3, 0), (3, 1), (5, 2), (3, 6), (1, 3), (4, 1), (0, 0), (1, 6), (5, 0), (0, 5), (5, 5), (2, 5), (5, 3), (4, 2), (2, 0), (1, 4), (6, 4), (2, 4), (1, 2), (6, 6), (3, 4), (3, 2), (6, 0), (1, 0), (2, 3), (6, 2), (1, 5), (0, 6), (4, 4), (5, 1)]
(1, 14)|[(6, 2), (3, 4), (5, 3), (5, 0), (5, 1), (3, 2), (6, 1), (2, 1), (0, 6), (6, 4), (4, 1), (0, 5), (1, 5), (2, 0), (3, 5), (4, 5), (1, 0), (5, 6), (6, 5), (0, 2), (0, 4), (0, 0), (3, 6), (4, 4), (1, 2), (1, 4), (3, 3), (4, 3), (6, 6), (5, 5), (4, 2), (3, 1), (3, 0), (6, 3), (0, 3), (2, 6), (4, 0), (5, 4)]
(4, 6)|[(0, 5), (0, 3), (3, 1), (2, 4), (4, 5), (1, 0), (4, 2), (0, 4), (3, 3), (6, 3), (0, 1), (5, 6), (3, 4), (0, 0), (3, 2), (6, 6), (1, 1), (5, 1), (4, 1), (6, 4), (5, 4), (5, 5), (4, 6), (0, 2), (1, 2), (1, 6), (2, 3), (4, 0), (6, 2), (6, 1), (2, 6), (1, 3), (4, 4), (2, 5), (3, 6), (6, 0), (5, 2), (3, 0), (5, 3)]
(4, 10)|[(0, 4), (1, 6), (3, 3), (2, 6), (5, 0), (4, 2), (5, 3), (5, 4), (4, 0), (2, 0), (2, 5), (1, 1), (1, 5), (6, 5), (3, 1), (4, 1), (0, 5), (3, 4), (2, 3), (2, 4), (5, 2), (4, 5), (3, 5), (6, 1), (4, 4), (2, 2), (6, 3), (6, 0), (2, 1), (4, 6), (5, 1), (1, 2), (0, 0), (3, 0), (1, 4), (0, 3), (0, 2), (1, 3), (4, 3)]
(10, 12)|[(4, 1), (1, 5), (4, 4), (1, 2), (6, 0), (1, 3), (5, 0), (0, 2), (5, 4), (0, 3), (2, 2), (3, 1), (6, 2), (1, 0), (1, 4), (3, 3), (3, 2), (2, 6), (3, 5), (2, 4), (4, 5), (6, 4), (0, 4), (2, 5), (0, 0), (6, 5), (5, 2), (2, 1), (5, 6), (5, 3), (4, 3), (4, 2), (2, 0), (0, 5), (1, 6), (6, 3), (1, 1), (6, 6)]
(3, 4)|[(0, 0), (6, 2), (1, 1), (2, 4), (2, 6), (4, 6), (4, 3), (6, 3), (3, 6), (0, 3), (0, 2), (2, 1), (0, 1), (2, 0), (5, 2), (5, 4), (3, 2), (2, 5), (6, 6), (4, 4), (6, 1), (4, 5), (2, 3), (3, 3), (1, 2), (1, 4), (3, 0), (0, 4), (6, 0), (3, 1), (4, 1), (6, 5), (5, 6), (4, 2), (0, 5), (1, 6), (1, 5), (0, 6)]
(1, 10)|[(6, 4), (4, 2), (1, 1), (2, 4), (5, 6), (4, 6), (1, 3), (0, 2), (6, 5), (1, 0), (2, 6), (0, 1), (1, 6), (4, 0), (1, 5), (6, 6), (4, 3), (3, 2), (5, 5), (4, 1), (0, 4), (3, 5), (6, 1), (2, 3), (3, 3), (1, 2), (5, 0), (0, 0), (5, 2), (2, 1), (3, 0), (6, 2), (3, 6), (0, 5), (0, 3), (6, 3), (2, 2), (2, 5)]
(1, 9)|[(6, 1), (0, 3), (0, 2), (6, 0), (0, 5), (1, 1), (5, 6), (5, 5), (0, 1), (4, 2), (4, 3), (3, 4), (6, 4), (6, 5), (1, 2), (4, 0), (1, 0), (3, 0), (2, 1), (0, 6), (2, 2), (0, 4), (3, 6), (6, 3), (2, 6), (1, 5), (2, 4), (2, 5), (3, 1), (0, 0), (4, 5), (5, 1), (5, 0), (2, 0), (6, 2), (4, 6), (3, 3), (1, 6)]
(4, 12)|[(0, 1), (0, 6), (1, 5), (3, 6), (2, 4), (2, 0), (1, 0), (5, 0), (4, 0), (4, 1), (0, 5), (2, 2), (4, 6), (5, 5), (2, 5), (4, 3), (5, 6), (3, 5), (3, 0), (6, 0), (4, 2), (5, 1), (0, 0), (6, 1), (2, 6), (6, 4), (1, 6), (0, 2), (6, 5), (1, 4), (2, 3), (1, 2), (3, 1), (6, 2), (3, 4), (0, 3), (1, 3), (0, 4), (5, 2)]
(7, 11)|[(5, 0), (4, 5), (1, 2), (4, 2), (5, 3), (3, 2), (6, 4), (5, 2), (4, 3), (2, 5), (6, 1), (5, 6), (6, 6), (5, 4), (6, 5), (4, 6), (3, 5), (1, 3), (1, 4), (0, 5), (3, 6), (5, 5), (2, 2), (3, 4), (3, 0), (3, 1), (4, 4), (1, 1), (6, 2), (0, 3), (4, 1), (6, 0), (2, 3), (2, 6), (2, 1), (1, 6), (1, 0), (2, 4), (1, 5)]
(8, 10)|[(4, 4), (0, 1), (6, 6), (5, 4), (2, 0), (1, 2), (6, 1), (3, 0), (6, 2), (6, 3), (4, 3), (2, 3), (2, 4), (6, 4), (3, 1), (6, 5), (1, 6), (1, 0), (5, 2), (2, 1), (4, 0), (5, 3), (5, 0), (5, 6), (4, 6), (2, 6), (4, 2), (1, 3), (3, 5), (2, 2), (5, 1), (3, 3), (5, 5), (0, 5), (1, 4), (0, 3), (0, 6), (1, 1)]
(12, 14)|[(1, 2), (1, 0), (6, 6), (2, 1), (1, 4), (0, 5), (2, 5), (0, 3), (4, 4), (4, 5), (0, 4), (1, 1), (6, 2), (1, 6), (5, 5), (3, 1), (6, 0), (3, 4), (2, 0), (1, 3), (3, 6), (5, 2), (2, 3), (3, 3), (0, 0), (4, 2), (4, 6), (2, 2), (5, 0), (4, 0), (0, 1), (6, 4), (6, 1), (6, 5), (5, 3), (5, 4), (5, 1), (0, 2)]
(6, 10)|[(5, 4), (3, 5), (3, 1), (4, 5), (6, 4), (2, 1), (0, 0), (0, 5), (0, 2), (4, 4), (2, 0), (5, 1), (5, 5), (0, 3), (2, 2), (1, 0), (4, 6), (2, 3), (6, 5), (0, 1), (1, 3), (5, 2), (6, 0), (2, 5), (6, 2), (5, 3), (6, 1), (1, 5), (6, 3), (2, 4), (3, 3), (5, 0), (3, 4), (4, 0), (1, 4), (4, 2), (3, 6), (4, 3)]
(1, 9)|[(6, 1), (5, 0), (0, 6), (2, 0), (5, 1), (2, 6), (1, 6), (0, 1), (0, 0), (1, 2), (0, 2), (6, 3), (0, 3), (5, 2), (3, 0), (6, 6), (5, 5), (4, 2), (1, 3), (0, 5), (3, 6), (6, 5), (4, 5), (5, 6), (0, 4), (3, 5), (4, 4), (2, 3), (3, 4), (3, 1), (2, 2), (2, 4), (1, 4), (6, 2), (6, 0), (1, 1), (4, 6), (3, 2)]
(12, 14)|[(1, 2), (4, 1), (2, 2), (5, 2), (0, 1), (2, 3), (3, 0), (2, 6), (4, 5), (6, 3), (4, 4), (3, 5), (5, 6), (2, 4), (1, 5), (4, 2), (6, 0), (0, 2), (5, 5), (5, 4), (6, 1), (3, 6), (3, 1), (4, 3), (4, 0), (0, 5), (6, 6), (4, 6), (3, 4), (6, 4), (1, 1), (2, 5), (6, 5), (0, 3), (1, 0), (1, 4), (2, 1), (0, 0)]
(8, 10)|[(4, 4), (3, 4), (2, 1), (4, 2), (6, 3), (5, 5), (6, 4), (0, 0), (6, 2), (1, 0), (3, 3), (1, 1), (5, 4), (4, 6), (1, 5), (0, 5), (6, 0), (2, 3), (5, 1), (5, 6), (1, 6), (1, 2), (3, 0), (0, 3), (2, 5), (1, 4), (6, 6), (3, 6), (4, 5), (3, 2), (1, 3), (0, 4), (5, 3), (6, 5), (0, 6), (3, 5), (4, 3), (5, 0), (2, 6)]
(3, 5)|[(0, 2), (1, 5), (2, 2), (5, 2), (1, 2), (1, 6), (2, 5), (6, 6), (4, 0), (4, 1), (0, 3), (3, 4), (6, 1), (3, 6), (0, 5), (2, 0), (1, 1), (3, 3), (3, 0), (2, 6), (5, 0), (4, 4), (6, 0), (5, 1), (6, 3), (0, 4), (1, 3), (4, 5), (6, 5), (0, 6), (4, 6), (5, 4), (5, 3), (6, 2), (3, 2), (1, 4), (4, 2), (2, 1)]
(2, 10)|[(4, 4), (4, 3), (0, 2), (1, 2), (1, 1), (6, 4), (1, 6), (1, 0), (3, 2), (2, 5), (3, 0), (6, 3), (5, 3), (3, 3), (1, 3), (1, 5), (4, 0), (0, 5), (2, 6), (5, 1), (4, 1), (4, 6), (5, 4), (0, 6), (5, 5), (2, 4), (5, 0), (3, 5), (0, 4), (4, 2), (0, 1), (6, 5), (3, 1), (4, 5), (6, 0), (3, 4), (2, 3), (2, 0)]
(0, 14)|[(6, 2), (1, 2), (0, 4), (1, 1), (3, 0), (2, 4), (2, 2), (0, 6), (6, 0), (5, 5), (2, 0), (2, 1), (2, 6), (0, 3), (0, 5), (4, 5), (4, 2), (2, 5), (6, 6), (1, 6), (6, 1), (5, 0), (4, 3), (3, 3), (2, 3), (5, 4), (6, 5), (0, 2), (4, 4), (3, 2), (5, 2), (3, 4), (0, 0), (5, 6), (4, 1), (1, 4), (4, 0), (6, 3)]
(13, 14)|[(0, 2), (1, 6), (1, 1), (4, 2), (3, 2), (4, 6), (2, 2), (2, 6), (2, 4), (1, 4), (5, 5), (6, 4), (1, 5), (3, 6), (5, 0), (6, 0), (3, 4), (3, 5), (6, 5), (0, 4), (1, 2), (2, 0), (0, 1), (2, 5), (4, 3), (5, 2), (0, 3), (6, 6), (4, 1), (1, 0), (2, 3), (3, 3), (4, 5), (5, 3), (2, 1), (5, 6), (3, 1), (4, 4)]
(11, 14)|[(0, 2), (3, 5), (2, 3), (2, 5), (6, 0), (5, 5), (4, 1), (3, 6), (5, 3), (2, 1), (0, 1), (5, 2), (0, 4), (4, 0), (2, 0), (0, 6), (4, 2), (3, 3), (2, 2), (6, 3), (5, 0), (6, 1), (3, 2), (6, 6), (1, 0), (3, 0), (5, 4), (2, 4), (1, 2), (1, 5), (4, 6), (5, 1), (3, 1), (4, 4), (1, 3), (0, 3), (6, 4), (0, 0)]
(0, 10)|[(6, 4), (3, 4), (1, 4), (1, 3), (3, 2), (3, 6), (6, 1), (3, 0), (2, 2), (5, 2), (0, 4), (0, 6), (5, 1), (2, 0), (3, 5), (6, 6), (4, 6), (2, 3), (5, 3), (3, 1), (5, 5), (6, 2), (1, 6), (1, 2), (0, 5), (4, 1), (5, 4), (5, 0), (4, 4), (1, 1), (1, 0), (4, 0), (0, 3), (2, 6), (3, 3), (4, 3), (1, 5), (2, 4), (4, 5)]
(7, 14)|[(5, 2), (4, 6), (1, 3), (3, 0), (3, 6), (0, 2), (4, 0), (6, 4), (5, 5), (4, 5), (6, 6), (4, 1), (5, 1), (5, 3), (6, 3), (1, 4), (1, 5), (1, 2), (5, 0), (3, 5), (6, 2), (1, 6), (2, 1), (4, 4), (0, 3), (4, 2), (6, 0), (2, 4), (5, 4), (6, 1), (2, 5), (1, 1), (2, 0), (4, 3), (1, 0), (6, 5), (3, 1), (5, 6), (0, 5)]
(0, 2)|[(6, 4), (1, 1), (6, 0), (0, 4), (5, 0), (5, 4), (4, 1), (3, 6), (2, 3), (0, 0), (1, 4), (1, 5), (1, 6), (6, 1), (6, 6), (3, 1), (2, 1), (4, 3), (1, 0), (3, 2), (4, 6), (4, 0), (5, 6), (0, 1), (3, 5), (4, 2), (1, 3), (4, 4), (2, 6), (5, 3), (3, 3), (0, 5), (0, 6), (2, 4), (0, 3), (5, 2), (0, 2), (3, 0)]
(2, 13)|[(4, 0), (6, 3), (3, 2), (2, 1), (2, 3), (6, 2), (3, 0), (1, 0), (6, 5), (5, 3), (0, 2), (0, 0), (3, 4), (4, 6), (5, 1), (6, 1), (5, 0), (3, 1), (4, 1), (0, 1), (4, 3), (2, 6), (5, 2), (2, 5), (2, 4), (0, 3), (3, 6), (4, 4), (3, 5), (1, 6), (1, 5), (5, 5), (6, 6), (1, 4), (0, 5), (1, 1), (5, 4), (0, 6)]
(0, 2)|[(6, 4), (2, 5), (5, 4), (4, 5), (0, 3), (5, 0), (0, 6), (0, 1), (5, 1), (6, 6), (1, 1), (4, 4), (3, 5), (1, 4), (1, 5), (4, 0), (3, 0), (4, 2), (2, 1), (5, 6), (2, 0), (6, 3), (2, 2), (3, 1), (3, 3), (6, 2), (3, 6), (2, 6), (3, 2), (6, 5), (0, 0), (6, 1), (1, 0), (1, 2), (5, 2), (0, 4), (3, 4), (4, 3)]
(4, 13)|[(0, 0), (4, 5), (0, 4), (5, 0), (6, 1), (5, 2), (2, 2), (0, 6), (5, 4), (1, 0), (0, 2), (6, 5), (3, 5), (4, 1), (2, 5), (5, 3), (4, 4), (4, 3), (4, 6), (2, 1), (1, 1), (0, 5), (2, 3), (2, 4), (6, 6), (1, 5), (5, 6), (1, 6), (0, 1), (3, 4), (3, 0), (3, 2), (1, 2), (5, 5), (2, 6), (6, 3), (4, 0), (3, 6)]
(6, 14)|[(5, 2), (2, 0), (3, 6), (4, 5), (2, 2), (0, 0), (1, 5), (6, 6), (0, 2), (6, 0), (6, 3), (3, 3), (5, 4), (6, 1), (2, 3), (3, 1), (0, 3), (5, 5), (4, 1), (0, 6), (6, 5), (3, 5), (2, 6), (1, 2), (4, 0), (3, 4), (5, 0), (1, 0), (1, 1), (6, 4), (4, 6), (4, 2), (5, 1), (2, 1), (5, 6), (0, 1), (1, 3), (5, 3)]
(11, 14)|[(0, 2), (2, 3), (4, 0), (3, 6), (2, 5), (3, 2), (3, 5), (0, 0), (5, 5), (6, 5), (0, 6), (6, 2), (4, 5), (5, 0), (6, 4), (5, 4), (3, 1), (3, 0), (2, 1), (6, 0), (6, 6), (4, 1), (1, 2), (2, 0), (2, 4), (4, 3), (3, 4), (6, 1), (1, 0), (3, 3), (5, 2), (5, 6), (1, 4), (0, 3), (4, 2), (1, 3), (1, 5), (0, 5)]
(4, 12)|[(0, 1), (3, 4), (2, 6), (5, 5), (3, 0), (4, 4), (1, 5), (1, 2), (0, 5), (3, 2), (1, 4), (5, 1), (3, 5), (3, 6), (2, 1), (2, 4), (0, 3), (4, 1), (5, 3), (0, 6), (6, 6), (1, 3), (6, 0), (5, 2), (3, 1), (4, 3), (5, 6), (3, 3), (1, 1), (6, 1), (1, 6), (6, 3), (6, 4), (4, 6), (2, 2), (4, 5), (4, 2), (5, 4)]
(1, 3)|[(6, 0), (1, 6), (1, 3), (6, 2), (0, 0), (1, 1), (5, 2), (6, 6), (2, 5), (0, 5), (6, 5), (0, 3), (4, 6), (0, 2), (4, 4), (6, 1), (2, 3), (3, 3), (1, 5), (6, 3), (5, 5), (1, 2), (3, 4), (3, 5), (4, 2), (4, 0), (5, 6), (5, 4), (3, 0), (2, 4), (5, 0), (2, 1), (2, 2), (1, 0), (2, 0), (3, 1), (5, 3), (5, 1)]
(9, 13)|[(1, 0), (6, 6), (1, 3), (3, 0), (0, 5), (6, 4), (4, 1), (3, 6), (4, 4), (2, 2), (3, 5), (2, 6), (0, 4), (0, 3), (5, 3), (5, 2), (3, 2), (4, 0), (5, 5), (5, 0), (4, 6), (1, 1), (2, 1), (2, 0), (3, 3), (6, 5), (4, 3), (3, 1), (1, 6), (6, 1), (0, 0), (1, 5), (3, 4), (1, 2), (6, 0), (4, 5), (0, 1), (6, 3), (2, 4)]
(4, 9)|[(0, 1), (4, 1), (5, 6), (2, 3), (0, 3), (3, 3), (4, 3), (1, 2), (0, 5), (6, 6), (5, 1), (1, 4), (4, 5), (1, 3), (5, 3), (0, 6), (6, 1), (2, 4), (4, 2), (0, 0), (1, 0), (4, 6), (2, 5), (6, 3), (1, 5), (5, 5), (6, 5), (5, 0), (6, 0), (3, 2), (4, 0), (6, 2), (4, 4), (2, 1), (1, 1), (3, 6), (6, 4), (3, 5)]
(0, 7)|[(6, 5), (3, 5), (2, 2), (4, 0), (4, 1), (4, 2), (0, 5), (4, 3), (5, 0), (3, 2), (3, 0), (1, 1), (1, 2), (3, 4), (3, 1), (0, 1), (0, 2), (3, 3), (0, 6), (0, 3), (2, 4), (4, 6), (1, 3), (5, 5), (5, 3), (1, 6), (2, 5), (6, 2), (1, 0), (4, 5), (2, 1), (5, 2), (5, 6), (6, 1), (6, 3), (3, 6), (2, 0), (0, 4)]
(5, 13)|[(2, 0), (2, 4), (5, 3), (1, 1), (4, 4), (3, 2), (0, 4), (3, 4), (1, 6), (5, 0), (3, 0), (2, 1), (4, 5), (4, 3), (3, 6), (5, 1), (5, 5), (0, 6), (3, 5), (1, 2), (0, 0), (6, 3), (1, 4), (1, 5), (2, 5), (6, 0), (4, 1), (4, 6), (3, 1), (5, 2), (6, 6), (0, 3), (4, 2), (6, 5), (0, 5), (6, 1), (2, 6), (2, 2)]
(4, 13)|[(0, 0), (4, 3), (6, 5), (0, 3), (5, 2), (1, 5), (0, 2), (3, 1), (3, 6), (4, 2), (5, 6), (3, 5), (1, 1), (2, 2), (5, 4), (6, 1), (4, 4), (3, 2), (5, 0), (2, 1), (0, 4), (0, 1), (6, 6), (1, 2), (3, 3), (6, 0), (4, 1), (1, 3), (4, 0), (2, 4), (2, 6), (3, 4), (3, 0), (1, 6), (4, 5), (0, 5), (2, 3), (2, 0)]
(5, 10)|[(2, 4), (2, 5), (3, 6), (2, 1), (1, 0), (4, 6), (4, 2), (3, 5), (2, 3), (0, 4), (5, 5), (3, 0), (2, 0), (5, 6), (5, 1), (3, 4), (1, 1), (6, 4), (1, 3), (0, 2), (6, 2), (3, 1), (0, 3), (0, 1), (4, 4), (6, 3), (3, 3), (0, 6), (6, 1), (2, 2), (0, 0), (6, 6), (2, 6), (6, 0), (3, 2), (4, 1), (6, 5), (1, 4)]
(7, 12)|[(5, 1), (5, 0), (0, 1), (4, 3), (1, 3), (6, 0), (6, 2), (5, 2), (0, 4), (3, 5), (6, 4), (1, 2), (3, 2), (2, 6), (6, 3), (1, 6), (3, 4), (6, 5), (4, 6), (0, 0), (6, 1), (4, 5), (3, 3), (5, 4), (1, 5), (4, 2), (5, 5), (4, 0), (2, 0), (2, 5), (0, 5), (3, 6), (0, 6), (2, 3), (5, 6), (0, 2), (3, 0), (3, 1), (4, 4)]
(0, 11)|[(6, 0), (6, 6), (6, 5), (4, 5), (4, 1), (6, 4), (5, 4), (0, 6), (3, 5), (2, 1), (4, 0), (2, 4), (0, 4), (0, 2), (5, 3), (4, 4), (1, 5), (1, 2), (6, 1), (0, 3), (6, 3), (6, 2), (3, 6), (3, 3), (0, 1), (0, 0), (2, 5), (0, 5), (3, 0), (2, 3), (1, 3), (1, 6), (3, 4), (1, 4), (1, 0), (5, 0), (4, 2), (5, 2)]
(3, 9)|[(0, 1), (4, 0), (2, 2), (4, 3), (2, 3), (1, 2), (6, 4), (0, 4), (4, 1), (4, 5), (3, 4), (0, 2), (3, 2), (1, 4), (0, 3), (0, 0), (2, 0), (1, 3), (2, 1), (1, 1), (3, 1), (6, 1), (4, 4), (0, 6), (2, 4), (5, 6), (5, 2), (6, 0), (5, 4), (6, 5), (3, 3), (6, 2), (2, 5), (3, 5), (5, 3), (4, 6), (6, 3), (1, 6)]
(3, 6)|[(0, 5), (3, 2), (5, 3), (6, 2), (4, 3), (2, 6), (0, 2), (1, 0), (4, 6), (1, 4), (0, 6), (3, 0), (2, 3), (0, 1), (5, 6), (4, 2), (5, 2), (1, 5), (6, 3), (4, 0), (5, 0), (1, 6), (6, 4), (6, 0), (2, 5), (3, 5), (1, 2), (1, 3), (5, 4), (0, 0), (2, 1), (3, 4), (6, 6), (5, 1), (6, 1), (2, 0), (4, 5), (3, 3), (3, 6)]
(1, 10)|[(6, 4), (5, 3), (2, 0), (6, 3), (4, 5), (5, 4), (0, 3), (2, 1), (4, 6), (3, 1), (6, 6), (1, 4), (5, 1), (1, 5), (0, 2), (3, 0), (3, 6), (0, 5), (4, 2), (3, 4), (5, 5), (3, 2), (4, 0), (6, 2), (1, 3), (3, 3), (0, 6), (2, 5), (5, 2), (6, 0), (0, 0), (1, 1), (1, 0), (6, 1), (0, 4), (4, 4), (4, 1), (5, 0)]
(1, 9)|[(6, 1), (1, 4), (5, 3), (4, 2), (6, 0), (1, 1), (3, 1), (1, 3), (6, 6), (0, 5), (4, 4), (3, 0), (5, 6), (0, 6), (6, 2), (5, 4), (0, 0), (2, 6), (1, 5), (2, 3), (0, 2), (2, 0), (5, 5), (0, 3), (3, 3), (4, 3), (0, 1), (4, 5), (1, 2), (2, 1), (4, 0), (6, 5), (3, 4), (3, 6), (2, 4), (1, 0), (5, 0), (3, 5)]
(2, 3)|[(4, 0), (3, 1), (2, 5), (0, 0), (2, 6), (4, 4), (0, 6), (2, 3), (1, 4), (5, 3), (3, 3), (3, 5), (0, 3), (4, 2), (5, 0), (3, 0), (4, 1), (4, 6), (1, 0), (5, 1), (5, 4), (3, 2), (1, 6), (1, 1), (6, 0), (0, 5), (6, 2), (5, 5), (6, 1), (2, 2), (6, 3), (0, 4), (1, 2), (2, 1), (2, 4), (4, 3), (5, 6), (1, 3)]
(0, 10)|[(6, 4), (6, 1), (1, 3), (6, 6), (0, 0), (5, 5), (5, 0), (3, 0), (6, 3), (3, 4), (4, 2), (2, 4), (2, 0), (5, 1), (1, 4), (4, 4), (6, 0), (3, 5), (2, 5), (2, 3), (4, 3), (5, 4), (4, 5), (0, 5), (0, 3), (4, 0), (1, 0), (4, 1), (4, 6), (2, 2), (5, 2), (6, 2), (1, 2), (2, 1), (1, 6), (0, 1), (0, 2), (1, 5)]
(2, 5)|[(4, 2), (2, 6), (5, 4), (4, 4), (3, 3), (4, 3), (5, 2), (6, 6), (2, 0), (6, 3), (3, 2), (6, 1), (3, 5), (0, 1), (1, 4), (5, 5), (0, 0), (4, 1), (6, 0), (5, 6), (0, 2), (6, 5), (3, 0), (6, 2), (1, 3), (4, 0), (3, 6), (0, 6), (1, 1), (0, 4), (0, 3), (2, 5), (1, 6), (4, 6), (5, 1), (0, 5), (6, 4), (2, 2)]
(10, 12)|[(4, 1), (0, 6), (1, 4), (2, 3), (4, 0), (5, 4), (3, 6), (6, 4), (2, 6), (6, 0), (3, 4), (6, 6), (2, 2), (3, 1), (0, 1), (2, 1), (3, 3), (1, 0), (6, 5), (1, 1), (3, 0), (6, 1), (4, 2), (5, 2), (0, 4), (1, 2), (6, 3), (0, 3), (4, 5), (1, 3), (3, 5), (3, 2), (5, 0), (6, 2), (1, 5), (5, 6), (5, 1), (4, 6)]
(0, 10)|[(6, 4), (5, 5), (3, 2), (4, 3), (3, 3), (3, 1), (6, 6), (6, 1), (1, 0), (2, 0), (0, 0), (2, 3), (6, 0), (1, 5), (2, 4), (1, 6), (0, 6), (2, 2), (4, 5), (6, 3), (5, 0), (5, 4), (1, 4), (4, 2), (0, 1), (5, 1), (1, 2), (3, 0), (3, 5), (0, 3), (4, 6), (2, 5), (6, 5), (0, 4), (4, 1), (1, 1), (1, 3), (5, 3)]
(13, 14)|[(0, 2), (1, 4), (2, 5), (5, 0), (3, 2), (2, 4), (6, 2), (2, 6), (0, 6), (4, 1), (3, 3), (3, 0), (2, 3), (1, 5), (5, 1), (4, 0), (4, 5), (5, 5), (0, 0), (5, 2), (3, 6), (6, 3), (4, 4), (6, 4), (1, 3), (2, 0), (1, 2), (3, 5), (6, 1), (4, 2), (2, 2), (1, 0), (6, 0), (5, 4), (1, 1), (0, 1), (6, 5), (0, 4)]
(9, 14)|[(1, 2), (2, 5), (2, 6), (5, 0), (4, 6), (5, 6), (2, 0), (4, 5), (6, 3), (2, 4), (5, 4), (5, 5), (2, 3), (0, 2), (0, 1), (1, 3), (0, 6), (6, 5), (0, 3), (6, 4), (3, 0), (2, 2), (4, 1), (1, 0), (5, 2), (0, 0), (1, 1), (4, 0), (1, 4), (6, 6), (4, 2), (0, 5), (1, 5), (3, 4), (4, 4), (5, 1), (6, 1), (3, 1)]
(2, 5)|[(4, 2), (0, 4), (5, 5), (2, 3), (2, 4), (2, 5), (2, 6), (1, 3), (5, 2), (5, 6), (0, 5), (5, 1), (6, 0), (1, 6), (3, 2), (5, 3), (6, 5), (2, 2), (3, 4), (1, 2), (4, 5), (3, 3), (0, 6), (6, 3), (1, 1), (0, 0), (1, 5), (2, 1), (0, 3), (3, 6), (0, 1), (4, 6), (5, 0), (3, 1), (6, 4), (6, 1), (0, 2), (4, 1)]
(3, 9)|[(0, 1), (4, 0), (2, 5), (5, 1), (5, 0), (2, 4), (0, 2), (4, 2), (5, 4), (2, 0), (2, 1), (5, 6), (5, 3), (0, 0), (6, 0), (2, 2), (2, 3), (5, 2), (3, 5), (5, 5), (1, 1), (1, 3), (4, 1), (2, 6), (4, 4), (3, 1), (4, 3), (0, 4), (3, 0), (0, 6), (3, 3), (0, 3), (6, 2), (6, 4), (3, 6), (6, 6), (3, 2), (1, 6)]
(4, 9)|[(0, 1), (3, 4), (5, 3), (6, 4), (6, 5), (3, 5), (4, 6), (5, 2), (5, 0), (4, 4), (5, 6), (2, 2), (1, 1), (2, 5), (5, 4), (4, 0), (3, 2), (1, 2), (5, 1), (1, 0), (1, 5), (4, 1), (0, 3), (0, 5), (1, 4), (6, 0), (4, 5), (3, 0), (3, 1), (3, 3), (2, 4), (3, 6), (5, 5), (0, 2), (2, 0), (6, 3), (2, 3), (2, 1)]
(0, 1)|[(6, 6), (0, 2), (5, 3), (2, 2), (0, 3), (3, 5), (6, 3), (1, 2), (2, 0), (2, 6), (5, 2), (4, 2), (4, 6), (5, 5), (0, 6), (2, 4), (2, 5), (5, 1), (1, 6), (2, 3), (6, 2), (1, 4), (6, 5), (5, 4), (6, 4), (0, 1), (4, 3), (0, 5), (3, 2), (1, 1), (6, 0), (4, 0), (3, 6), (0, 0), (1, 5), (0, 4), (4, 1), (3, 3)]
(3, 6)|[(0, 5), (1, 2), (6, 6), (1, 3), (4, 5), (2, 1), (0, 3), (0, 1), (1, 5), (4, 2), (2, 5), (5, 5), (3, 4), (0, 6), (0, 0), (3, 3), (1, 6), (5, 0), (2, 3), (2, 4), (2, 0), (1, 0), (5, 2), (5, 6), (1, 1), (3, 0), (6, 4), (3, 1), (6, 2), (4, 4), (3, 5), (2, 6), (0, 2), (0, 4), (3, 2), (5, 1), (4, 3), (4, 1), (6, 1)]
(0, 11)|[(6, 0), (5, 4), (4, 0), (1, 0), (6, 2), (5, 2), (5, 1), (4, 2), (1, 3), (6, 3), (5, 5), (3, 0), (3, 6), (4, 1), (1, 6), (0, 2), (2, 0), (2, 5), (2, 3), (0, 6), (6, 4), (5, 3), (4, 5), (3, 5), (2, 6), (6, 1), (4, 3), (0, 4), (3, 3), (0, 5), (0, 3), (4, 6), (1, 1), (3, 4), (2, 1), (4, 4), (0, 0), (2, 4)]
(6, 13)|[(5, 0), (0, 1), (2, 5), (1, 2), (2, 2), (3, 2), (0, 2), (0, 3), (5, 6), (6, 3), (0, 4), (6, 5), (4, 6), (6, 6), (2, 4), (5, 1), (2, 6), (2, 0), (3, 3), (5, 5), (5, 4), (6, 4), (1, 4), (5, 3), (1, 1), (6, 1), (4, 2), (0, 6), (4, 3), (0, 5), (4, 1), (6, 2), (3, 1), (2, 1), (2, 3), (4, 0), (1, 5), (6, 0)]
(12, 13)|[(1, 0), (3, 2), (3, 6), (1, 6), (6, 1), (5, 1), (2, 4), (3, 0), (2, 3), (6, 2), (4, 0), (6, 5), (0, 1), (4, 4), (4, 2), (2, 6), (3, 1), (5, 0), (2, 1), (2, 2), (2, 5), (2, 0), (1, 3), (0, 5), (0, 2), (4, 1), (4, 3), (4, 5), (5, 3), (3, 4), (3, 3), (1, 4), (0, 3), (3, 5), (1, 2), (5, 2), (6, 3), (5, 4), (5, 5)]
(9, 13)|[(1, 0), (3, 6), (5, 2), (1, 6), (3, 0), (4, 0), (0, 5), (0, 6), (2, 2), (6, 6), (4, 3), (1, 4), (0, 3), (5, 4), (2, 3), (4, 1), (0, 2), (3, 2), (6, 1), (1, 1), (0, 0), (3, 4), (5, 5), (6, 4), (2, 4), (5, 1), (3, 1), (6, 0), (5, 0), (2, 0), (4, 2), (2, 1), (4, 5), (1, 5), (5, 6), (6, 3), (6, 2), (5, 3)]
(6, 7)|[(5, 5), (1, 2), (1, 0), (6, 0), (4, 4), (2, 1), (3, 0), (6, 4), (6, 2), (5, 3), (3, 6), (1, 1), (4, 1), (5, 0), (0, 3), (5, 1), (4, 5), (3, 4), (0, 0), (1, 4), (2, 2), (0, 4), (0, 6), (4, 0), (3, 1), (1, 6), (6, 5), (6, 3), (3, 3), (3, 5), (5, 6), (5, 4), (0, 1), (3, 2), (0, 5), (1, 3), (1, 5), (4, 2)]
(2, 7)|[(4, 5), (1, 5), (3, 6), (1, 4), (5, 1), (6, 5), (1, 1), (3, 1), (2, 6), (4, 6), (5, 2), (0, 2), (0, 4), (2, 1), (3, 4), (5, 5), (6, 4), (0, 0), (1, 2), (3, 2), (0, 3), (2, 3), (3, 5), (5, 3), (6, 0), (0, 6), (2, 5), (1, 0), (4, 4), (4, 1), (1, 3), (5, 0), (5, 4), (4, 0), (1, 6), (5, 6), (6, 1), (6, 6), (0, 1)]
(0, 5)|[(6, 2), (0, 4), (4, 3), (6, 1), (5, 6), (6, 0), (0, 2), (1, 1), (2, 2), (1, 6), (3, 2), (0, 3), (2, 1), (3, 1), (0, 1), (0, 0), (5, 2), (2, 4), (3, 0), (1, 3), (3, 6), (0, 5), (4, 5), (4, 1), (5, 3), (5, 5), (6, 3), (3, 4), (6, 5), (5, 4), (2, 6), (5, 1), (5, 0), (1, 2), (1, 0), (4, 0), (6, 6), (4, 6), (4, 4)]
(0, 4)|[(6, 0), (0, 2), (5, 2), (4, 1), (2, 2), (2, 4), (4, 3), (5, 4), (1, 4), (5, 1), (2, 6), (2, 5), (4, 2), (6, 4), (1, 3), (0, 1), (0, 4), (4, 5), (3, 1), (6, 2), (4, 6), (3, 4), (3, 2), (0, 0), (6, 3), (5, 0), (1, 0), (3, 3), (3, 5), (5, 6), (3, 0), (6, 1), (5, 3), (3, 6), (0, 3), (6, 5), (4, 4), (1, 6)]
(3, 6)|[(0, 5), (4, 5), (3, 0), (2, 5), (0, 4), (2, 4), (6, 1), (3, 4), (3, 3), (2, 6), (4, 2), (3, 6), (5, 3), (0, 3), (6, 5), (0, 0), (2, 0), (4, 4), (1, 4), (0, 1), (3, 2), (1, 6), (3, 1), (2, 2), (1, 5), (5, 4), (0, 2), (2, 3), (4, 3), (4, 0), (1, 0), (6, 3), (4, 6), (2, 1), (6, 4), (3, 5), (0, 6), (6, 6)]
(4, 8)|[(0, 4), (2, 0), (3, 6), (3, 5), (2, 6), (4, 5), (1, 3), (2, 1), (5, 5), (4, 4), (2, 5), (0, 0), (0, 5), (5, 2), (1, 1), (3, 3), (2, 3), (6, 3), (4, 0), (1, 0), (5, 1), (0, 2), (1, 4), (5, 4), (5, 6), (6, 4), (0, 3), (6, 0), (3, 0), (6, 6), (1, 5), (3, 4), (5, 3), (6, 2), (1, 2), (5, 0), (4, 1), (0, 1)]
(1, 3)|[(6, 0), (3, 3), (1, 3), (0, 3), (3, 1), (2, 5), (5, 5), (0, 1), (5, 3), (2, 1), (3, 2), (4, 0), (4, 1), (6, 5), (3, 4), (5, 6), (1, 0), (4, 5), (5, 2), (6, 6), (0, 0), (1, 6), (1, 5), (3, 0), (5, 0), (2, 0), (4, 2), (0, 5), (1, 4), (3, 5), (4, 4), (5, 1), (4, 6), (4, 3), (6, 3), (2, 2), (1, 2), (1, 1)]
(1, 4)|[(6, 0), (6, 2), (2, 4), (0, 5), (4, 1), (2, 0), (5, 6), (5, 0), (1, 0), (6, 5), (5, 4), (0, 6), (2, 5), (0, 3), (5, 1), (3, 5), (6, 1), (4, 6), (6, 6), (3, 2), (1, 5), (3, 0), (6, 3), (5, 3), (3, 3), (1, 4), (0, 0), (2, 6), (3, 4), (1, 3), (1, 6), (3, 1), (2, 2), (4, 3), (4, 2), (1, 2), (0, 2), (4, 0)]
(13, 14)|[(0, 2), (0, 3), (5, 2), (0, 4), (5, 1), (3, 0), (3, 3), (0, 5), (1, 1), (3, 4), (1, 5), (1, 4), (6, 1), (3, 2), (1, 2), (4, 4), (2, 0), (2, 6), (2, 3), (0, 0), (5, 3), (2, 1), (6, 3), (1, 0), (1, 3), (2, 2), (5, 5), (4, 3), (4, 2), (5, 6), (4, 0), (4, 1), (4, 5), (6, 6), (0, 1), (3, 5), (3, 1), (6, 2)]
(8, 13)|[(4, 0), (2, 3), (0, 5), (6, 1), (6, 2), (1, 6), (4, 3), (6, 0), (6, 4), (6, 5), (0, 0), (2, 2), (2, 0), (1, 3), (2, 6), (5, 3), (3, 0), (3, 6), (5, 4), (0, 3), (0, 6), (1, 4), (0, 1), (4, 6), (3, 2), (6, 3), (4, 5), (5, 1), (5, 6), (2, 5), (3, 4), (0, 2), (2, 1), (6, 6), (3, 1), (5, 0), (1, 1), (3, 3)]
(1, 5)|[(6, 2), (4, 4), (3, 2), (0, 5), (0, 0), (6, 4), (2, 1), (1, 0), (4, 1), (6, 1), (5, 1), (5, 6), (6, 0), (5, 5), (2, 6), (3, 5), (1, 6), (2, 4), (3, 4), (6, 5), (0, 1), (5, 4), (1, 3), (4, 2), (0, 6), (4, 3), (3, 0), (6, 6), (3, 1), (0, 4), (2, 5), (2, 3), (4, 6), (0, 3), (5, 3), (1, 4), (5, 2), (4, 5), (1, 5)]
(3, 8)|[(0, 4), (6, 2), (4, 4), (0, 3), (3, 1), (1, 4), (5, 4), (2, 3), (2, 6), (1, 0), (3, 5), (0, 1), (2, 1), (5, 1), (1, 2), (2, 4), (0, 5), (3, 4), (2, 2), (1, 6), (6, 6), (6, 0), (6, 4), (3, 3), (5, 6), (4, 2), (3, 2), (6, 1), (3, 6), (5, 5), (1, 5), (5, 3), (5, 2), (0, 0), (1, 3), (6, 5), (4, 5), (3, 0)]
(12, 14)|[(1, 2), (0, 0), (2, 6), (2, 2), (4, 3), (0, 1), (0, 5), (2, 0), (2, 4), (5, 1), (0, 6), (4, 0), (1, 1), (3, 2), (0, 2), (3, 0), (6, 2), (3, 5), (1, 5), (5, 5), (6, 0), (0, 4), (0, 3), (2, 1), (2, 5), (3, 4), (5, 2), (1, 4), (4, 6), (3, 3), (3, 6), (6, 5), (3, 1), (4, 2), (1, 3), (5, 6), (2, 3), (6, 6)]
(4, 7)|[(0, 5), (6, 2), (4, 2), (6, 3), (1, 5), (3, 0), (3, 3), (1, 4), (6, 4), (5, 0), (5, 6), (3, 4), (5, 5), (5, 3), (3, 5), (5, 1), (3, 1), (0, 6), (2, 0), (4, 4), (1, 6), (4, 0), (0, 2), (5, 4), (2, 5), (4, 5), (3, 2), (1, 2), (1, 3), (3, 6), (1, 1), (2, 2), (2, 1), (0, 4), (6, 5), (6, 0), (4, 3), (2, 6)]
(0, 14)|[(6, 2), (5, 0), (3, 1), (0, 6), (5, 1), (2, 0), (4, 3), (1, 5), (2, 3), (2, 1), (0, 2), (1, 6), (6, 0), (2, 5), (1, 4), (2, 4), (3, 0), (6, 6), (5, 5), (5, 2), (4, 5), (4, 4), (5, 6), (0, 5), (6, 5), (4, 0), (6, 1), (2, 2), (3, 6), (5, 3), (3, 5), (1, 0), (3, 2), (4, 1), (0, 0), (2, 6), (1, 2), (5, 4), (4, 6)]
(0, 13)|[(6, 0), (3, 4), (1, 4), (2, 1), (5, 0), (0, 2), (3, 3), (1, 2), (2, 6), (0, 6), (2, 3), (4, 6), (5, 2), (3, 2), (3, 1), (6, 1), (4, 2), (3, 5), (6, 6), (0, 1), (3, 0), (6, 5), (0, 0), (0, 4), (1, 6), (4, 4), (1, 1), (1, 5), (6, 4), (3, 6), (0, 3), (5, 5), (5, 6), (1, 0), (2, 5), (1, 3), (5, 1), (4, 3), (2, 0)]
(5, 7)|[(2, 5), (0, 1), (3, 4), (0, 2), (5, 2), (6, 1), (6, 6), (3, 0), (0, 4), (4, 6), (5, 5), (2, 3), (4, 1), (1, 6), (4, 2), (5, 6), (6, 4), (1, 0), (5, 1), (1, 5), (2, 4), (4, 4), (2, 0), (5, 0), (1, 2), (1, 1), (3, 1), (2, 1), (0, 6), (3, 2), (1, 4), (0, 3), (2, 2), (5, 3), (3, 6), (2, 6), (1, 3), (5, 4)]
(9, 12)|[(1, 1), (5, 6), (1, 6), (1, 3), (1, 2), (3, 4), (0, 1), (5, 5), (6, 0), (6, 6), (2, 2), (2, 1), (3, 0), (4, 6), (0, 5), (2, 4), (2, 0), (4, 0), (2, 6), (6, 5), (5, 4), (5, 3), (0, 0), (4, 4), (4, 1), (1, 4), (1, 5), (3, 1), (3, 2), (4, 3), (2, 3), (3, 3), (0, 3), (1, 0), (4, 2), (2, 5), (0, 4), (5, 1)]
(1, 5)|[(6, 2), (0, 2), (4, 3), (4, 1), (2, 5), (5, 4), (1, 3), (3, 1), (0, 3), (5, 5), (4, 2), (4, 6), (3, 4), (1, 4), (6, 1), (5, 0), (5, 2), (3, 6), (1, 0), (0, 0), (2, 3), (5, 6), (6, 6), (5, 3), (3, 5), (0, 1), (2, 6), (1, 1), (2, 4), (4, 5), (6, 3), (4, 0), (3, 3), (5, 1), (1, 6), (1, 2), (3, 2), (2, 2)]
(0, 6)|[(6, 5), (0, 4), (5, 5), (0, 2), (4, 1), (3, 5), (0, 3), (3, 6), (5, 1), (1, 1), (0, 1), (3, 4), (4, 4), (0, 0), (5, 0), (5, 2), (6, 4), (6, 0), (0, 6), (3, 2), (2, 1), (3, 3), (2, 5), (5, 3), (6, 6), (1, 6), (6, 3), (3, 0), (3, 1), (2, 3), (6, 1), (1, 2), (5, 4), (4, 5), (2, 4), (1, 0), (2, 2), (1, 5)]
(2, 12)|[(4, 1), (5, 0), (2, 5), (2, 1), (2, 4), (4, 3), (0, 0), (2, 3), (5, 5), (3, 5), (6, 1), (3, 6), (3, 2), (3, 1), (1, 0), (2, 2), (5, 6), (5, 1), (1, 1), (3, 3), (5, 3), (4, 4), (0, 3), (1, 3), (6, 4), (2, 0), (1, 5), (6, 3), (5, 2), (0, 5), (5, 4), (2, 6), (6, 6), (4, 6), (3, 4), (6, 0), (4, 2), (1, 2)]
(6, 9)|[(5, 1), (5, 6), (0, 2), (3, 3), (6, 6), (6, 3), (0, 3), (0, 5), (0, 1), (1, 1), (4, 6), (6, 1), (6, 2), (2, 3), (1, 2), (5, 5), (4, 1), (6, 0), (2, 0), (3, 1), (6, 5), (0, 6), (0, 4), (1, 3), (5, 4), (1, 0), (3, 6), (4, 3), (2, 6), (3, 2), (2, 4), (1, 4), (5, 2), (5, 0), (5, 3), (4, 5), (3, 0), (4, 0)]
(8, 13)|[(4, 0), (6, 0), (1, 0), (4, 5), (3, 5), (2, 3), (2, 2), (1, 6), (5, 4), (6, 1), (5, 3), (2, 6), (1, 5), (2, 0), (2, 4), (0, 0), (0, 5), (0, 6), (4, 3), (6, 5), (2, 1), (3, 6), (6, 3), (5, 1), (1, 2), (1, 4), (4, 4), (3, 0), (1, 1), (4, 1), (5, 0), (5, 6), (5, 2), (3, 4), (0, 4), (3, 1), (0, 2), (2, 5), (5, 5)]
(6, 7)|[(5, 5), (3, 0), (1, 4), (6, 2), (0, 1), (1, 0), (2, 3), (2, 1), (3, 3), (5, 1), (1, 2), (1, 5), (4, 6), (4, 5), (5, 4), (6, 1), (2, 0), (3, 2), (3, 5), (2, 5), (0, 0), (2, 4), (4, 0), (3, 1), (5, 0), (2, 6), (5, 2), (6, 0), (2, 2), (4, 4), (4, 2), (6, 3), (5, 6), (3, 6), (6, 6), (0, 5), (3, 4), (1, 6), (0, 3)]
(0, 1)|[(6, 6), (3, 3), (0, 5), (5, 0), (4, 3), (0, 2), (3, 2), (2, 2), (6, 1), (1, 6), (4, 2), (3, 1), (6, 4), (1, 4), (0, 0), (3, 5), (1, 3), (2, 0), (3, 6), (5, 6), (1, 0), (1, 1), (0, 3), (2, 3), (4, 0), (2, 4), (2, 5), (6, 2), (5, 2), (4, 5), (5, 5), (6, 3), (4, 1), (5, 3), (1, 2), (0, 6), (4, 6), (4, 4)]
(4, 8)|[(0, 4), (0, 0), (5, 3), (6, 3), (2, 0), (1, 1), (1, 4), (3, 1), (6, 6), (4, 4), (5, 2), (4, 3), (4, 2), (3, 5), (0, 3), (6, 2), (0, 6), (5, 6), (2, 6), (3, 2), (4, 0), (6, 0), (1, 2), (1, 5), (2, 3), (6, 4), (4, 6), (5, 4), (2, 5), (1, 0), (1, 6), (3, 4), (0, 5), (6, 1), (4, 5), (4, 1), (2, 4), (2, 2)]
(1, 6)|[(6, 5), (3, 1), (6, 1), (2, 6), (3, 3), (5, 0), (3, 4), (3, 5), (4, 1), (4, 0), (1, 4), (0, 4), (1, 2), (2, 4), (1, 3), (3, 0), (2, 2), (1, 5), (4, 3), (2, 1), (5, 1), (5, 2), (5, 4), (2, 5), (0, 2), (2, 0), (0, 5), (1, 6), (1, 1), (0, 3), (5, 6), (0, 0), (3, 2), (6, 2), (5, 5), (6, 4), (1, 0), (3, 6)]
(0, 8)|[(6, 4), (4, 3), (0, 0), (0, 1), (5, 5), (1, 0), (4, 1), (6, 6), (2, 2), (3, 4), (4, 2), (3, 1), (1, 2), (4, 0), (5, 4), (5, 0), (6, 5), (3, 5), (2, 3), (6, 0), (0, 5), (4, 4), (5, 6), (6, 2), (2, 0), (0, 6), (1, 6), (3, 3), (2, 4), (1, 1), (3, 0), (4, 6), (2, 1), (6, 1), (4, 5), (1, 5), (2, 5), (1, 3), (1, 4)]
(0, 5)|[(6, 2), (3, 2), (5, 4), (1, 0), (2, 4), (4, 2), (3, 3), (2, 3), (5, 6), (6, 1), (5, 1), (4, 1), (3, 4), (0, 1), (3, 0), (1, 3), (0, 4), (1, 1), (3, 1), (6, 3), (4, 3), (6, 4), (2, 0), (4, 4), (3, 6), (5, 2), (2, 1), (6, 5), (1, 2), (5, 3), (5, 0), (5, 5), (1, 6), (2, 2), (0, 5), (0, 2), (6, 0), (0, 3), (3, 5)]
(7, 14)|[(5, 2), (6, 1), (0, 6), (1, 0), (3, 0), (0, 5), (2, 5), (0, 2), (6, 6), (6, 2), (4, 0), (4, 1), (1, 6), (5, 4), (1, 5), (1, 3), (3, 3), (3, 4), (0, 3), (6, 5), (0, 4), (3, 1), (3, 6), (5, 1), (6, 0), (5, 6), (4, 5), (1, 4), (5, 3), (1, 1), (0, 1), (2, 6), (2, 4), (2, 0), (4, 2), (1, 2), (0, 0), (5, 0)]
(2, 6)|[(4, 5), (4, 1), (6, 0), (0, 3), (2, 3), (2, 1), (1, 2), (1, 1), (5, 4), (1, 3), (3, 5), (4, 2), (5, 6), (5, 1), (3, 1), (0, 5), (4, 4), (3, 3), (0, 6), (0, 1), (4, 6), (1, 0), (6, 3), (0, 2), (2, 6), (5, 5), (1, 5), (6, 1), (6, 5), (3, 6), (0, 0), (5, 2), (0, 4), (6, 2), (3, 2), (5, 0), (2, 0), (5, 3)]
(8, 9)|[(4, 1), (6, 5), (3, 5), (6, 4), (5, 5), (4, 6), (0, 1), (2, 1), (5, 2), (0, 3), (6, 3), (6, 0), (4, 2), (5, 0), (1, 3), (3, 1), (4, 0), (6, 2), (5, 3), (1, 6), (1, 5), (5, 6), (5, 1), (0, 2), (6, 6), (3, 3), (4, 3), (0, 5), (3, 0), (2, 4), (3, 2), (4, 4), (3, 6), (5, 4), (4, 5), (2, 5), (2, 0), (3, 4), (2, 3)]
(2, 10)|[(4, 4), (4, 2), (5, 6), (6, 0), (2, 0), (3, 5), (2, 1), (6, 1), (5, 3), (0, 3), (5, 2), (1, 6), (2, 6), (6, 4), (0, 0), (3, 3), (0, 5), (3, 6), (6, 3), (3, 0), (4, 0), (6, 6), (1, 3), (1, 5), (1, 0), (0, 2), (5, 5), (2, 4), (2, 2), (1, 1), (3, 4), (1, 4), (4, 6), (3, 1), (0, 6), (2, 3), (4, 3), (5, 4)]
(0, 7)|[(6, 5), (6, 3), (2, 2), (4, 3), (5, 4), (0, 5), (2, 4), (3, 6), (2, 1), (6, 6), (4, 0), (4, 2), (1, 4), (6, 0), (2, 0), (4, 1), (2, 5), (3, 2), (4, 5), (4, 4), (4, 6), (5, 3), (1, 6), (6, 1), (1, 1), (2, 6), (6, 2), (1, 3), (5, 2), (5, 1), (3, 5), (6, 4), (3, 4), (0, 4), (0, 0), (1, 0), (5, 6), (5, 0)]
(1, 8)|[(6, 4), (1, 2), (0, 2), (4, 2), (4, 6), (1, 6), (4, 1), (1, 1), (4, 3), (4, 5), (3, 0), (5, 0), (6, 0), (0, 0), (5, 3), (6, 2), (0, 5), (3, 6), (3, 3), (2, 3), (5, 6), (6, 1), (1, 3), (6, 3), (2, 5), (0, 6), (3, 2), (0, 1), (2, 1), (6, 6), (1, 5), (3, 1), (5, 2), (0, 4), (4, 4), (3, 4), (2, 2), (5, 4), (1, 4)]
(5, 8)|[(2, 4), (4, 2), (3, 3), (2, 3), (6, 5), (2, 5), (3, 1), (1, 4), (4, 3), (3, 2), (1, 5), (5, 0), (0, 5), (0, 4), (2, 2), (4, 0), (6, 1), (1, 3), (5, 1), (6, 2), (5, 6), (6, 4), (1, 0), (3, 6), (1, 2), (4, 1), (3, 0), (2, 1), (6, 3), (4, 4), (3, 4), (5, 4), (6, 0), (5, 3), (4, 5), (5, 2), (4, 6), (2, 6)]
(7, 11)|[(5, 0), (5, 3), (4, 5), (6, 6), (2, 1), (2, 0), (6, 1), (3, 0), (3, 5), (4, 1), (6, 0), (1, 6), (2, 4), (3, 2), (4, 2), (2, 3), (0, 2), (6, 2), (4, 0), (6, 4), (5, 1), (5, 6), (1, 4), (3, 4), (4, 3), (0, 4), (6, 5), (1, 3), (1, 1), (4, 6), (0, 0), (3, 6), (2, 6), (0, 1), (6, 3), (2, 2), (2, 5), (0, 3), (3, 1)]
(10, 13)|[(4, 0), (2, 2), (2, 4), (0, 6), (5, 3), (1, 1), (2, 0), (6, 0), (0, 3), (1, 3), (3, 0), (2, 3), (0, 5), (0, 0), (6, 1), (0, 4), (3, 1), (4, 5), (0, 1), (5, 4), (4, 6), (4, 2), (3, 4), (4, 4), (1, 0), (1, 2), (3, 5), (6, 3), (1, 6), (2, 6), (4, 1), (1, 4), (6, 4), (5, 1), (3, 2), (3, 6), (5, 2), (1, 5)]
(1, 9)|[(6, 1), (0, 4), (0, 3), (2, 1), (2, 3), (3, 5), (1, 4), (5, 5), (1, 2), (1, 0), (6, 6), (2, 4), (3, 0), (1, 3), (0, 5), (2, 6), (0, 6), (0, 2), (2, 0), (4, 0), (6, 3), (4, 4), (6, 0), (3, 2), (4, 1), (0, 1), (6, 5), (2, 5), (4, 2), (3, 1), (4, 5), (3, 6), (5, 1), (3, 4), (5, 3), (5, 4), (5, 6), (0, 0)]
(7, 13)|[(5, 0), (4, 3), (5, 3), (1, 5), (3, 3), (6, 1), (1, 2), (5, 4), (0, 2), (5, 2), (1, 3), (3, 0), (6, 0), (2, 4), (1, 6), (0, 1), (2, 0), (2, 5), (1, 4), (1, 0), (3, 5), (4, 2), (4, 1), (1, 1), (6, 2), (0, 0), (4, 6), (5, 1), (2, 3), (3, 1), (6, 4), (4, 0), (3, 2), (0, 6), (6, 5), (4, 5), (3, 4), (0, 4)]
(0, 8)|[(6, 4), (1, 3), (5, 6), (3, 4), (5, 5), (4, 5), (4, 0), (2, 0), (0, 5), (5, 0), (2, 4), (0, 6), (4, 4), (5, 4), (0, 2), (1, 2), (6, 6), (1, 0), (1, 6), (4, 6), (4, 1), (3, 0), (6, 1), (2, 2), (6, 3), (5, 2), (3, 6), (2, 1), (5, 1), (4, 3), (2, 3), (1, 5), (4, 2), (0, 4), (6, 2), (0, 1), (3, 3), (0, 3)]
